+56 32 2462400
+86 574 8818 0000
Russell Group,  

Universitas 21,
  
ACU,  
EUA.
+32 3 247 66 66
+33 4 56 52 91 00
+233 362 20324
+91 8181-227007
+44 1352 841000
+48/ 22 561 88 00, 22 561 90 00
+91.120.2845112, 113
+351 217 214 129
+ 34 24 444
+353-61-208 208
+420 251 114 555
+996 312 54-51-51
+1 785 749-8404
+353-1-4533330
+353 1 4064 386
+353 1 402 2777
+7452-2-29-90-05
+44  28 867 63620
+44  28 867 63632
+687 290 290
+91 8181 228262
+353-42-937 0200
+44 1792 890700
+49 0201 81004-553
+ 63 54 700
+1 269.488.4400
+44  28 9032 7678
+ 68 13 605
+233 51 60021 +233 51 60021 +233 51 60021
+44 20 7772 6211
+44 20 7772 6200
+353-1-896-1000
+662 350 3500
+48  537 54 02
+91-79-23215167
+44  1245 424200
+62 274 563929 / +62 274 513325
+353-1 71 9143580
+48  517 96 00
+7 343 350 73 94
+421 48 446 11 11
+353-1 402 2100
+48  619 90 11
+353-1-439 2424
+54  520-1629/37
+44 1792 284000
+233 21 226766
+353-1-415 0400
+49 461 805 01
+49 1801 810048
+353 1 6764412
+91-788-2323997,
+353-1-8842000
+86 029-8233-0076
+91-44-26272581
+48 42 634 58 20
+353-1-708 6000
+994  5 30 88
+7  297-1616 Fax: + 7  552-6080
+593 4 2269269
+57 1 3394949
+353-1-402 2840
+54  424-7752
+44 23 8031 9000
+33.130736666
+233 81 30037
+233 71 22078
+34 941 299 118
+56 45 205205
Fax No.: +91-788-2210163
+63 211-4221
+7 812 323-92-55
+353-1-837-3745
+82-42-280-8808
+54
+88-0721-750041-54
+421 55 632 24 85
+1 413-572-5300
+353-1-8848811
+880-2-8144631 +880-2-8144632 +880-2-9667435 +880-2-9667436 +880-2-9677474
+82-42-629-7114
+48 322582441
+1 405 325 0311
+91 8156 - 263181/82/83
+39-075-5746-1
+51 44 220062
+56 32 2500100
+55 67 3345 7000
+54-11 4813-9630
+91-788-2321163,
+353-21-4326 100
+44 1970 623111
+31 13 466 9111
+353 1 885 1000
+35952660212
+353-61-208 870
+233 21 312980
+353-1-700 5000
+353-1-8373732
+353-1-402 3000
+1  201-7350
+353-1-402 4575
+63.064.248.2138
+353-61-20 2700
+2522 5 11 55 2
+202-23664690  /   +202-23651894   /   +202-23651895   /   +202-23643661
+ 63 54 000
see website
+1 928-445-7330
+82-32-835-9571~5)
+41 21 692 11 11
+353-91-753161
+1 408-848-4800
+48 56 611 40 10
+82-43-230-3114
+1  688-2362
+44 1443 816888
+  854 62 28
+238 2609000
+1 724-458-2000
+33 2 40 68 32 00
+56 57
+233 51 50030
+48  827 72 41
+91 90 2544 1722
+44 121 331 5940
+638217939
+91-3842-262909
+91-0831-2471701
+977-25-525555
+86 574 8818 0000
Russell Group,

Universitas 21,

ACU,
EUA.
+353-1-417 7500
+353-21-490 3000
+353-1-626 4943/+353-1-626
+880 2 9291254-59
+44 1978 790263
+44  8700 400 700
+44 121 331 5775
+44 131 650 1000
+91-1262-211300
+82 42 821 2000
+88-031-716552, 716558, 2606001-10, 726311-14 , 01911033992
+82-42-670-9000
+44 191 334 2510
+57  261-9500
+7845-2 50-77-40
+995 32 595005
+91 - 0421 - 2334944, 2332588, 2332544
+56 2 241 2400
+41 32 718 10 00
+82-42-630-9620
+7  647 44 77
+81-42-691-8200
+62-341-551312
+4353439-0
+353-1-2807888
+233 432 22361
+48 91 434 67 51, +48 91 449 40 15
+994 12 383343
+48 71 320 51 01
+88 02 9117205, +88 9124773, +88 02 9138139,
+992 37 223-52-50
+81-466-34-4114
+1  479-6100
+1  674-8000
+48618569000
+91 0816 2200314/2201073
+49661/9640-0
+7  291-90-63
+82-42-866-0644
+353-1-2800386
+44 1492 546666
+57 1 3277300
+91 80 28524466/77
+ 48 17 872 10 00
+233 21 500383
+62-541-741118
+1 800 332 6763
+420 326 823 040
+38520414111
+88-031-716552, 716558, 2606001-10, 726311-14
+34 983 423 000
+48  749 17 77
+233 61 28256
+91-788-2334424,
+353-91-524 411
+44 1452 881801
+353-1-896 1000
+66  2441 5090
+ 632 51 00
+48  552 03 55
+353-1 708 4772
+41 58 666 4706
+353-1-8376027
+ 496 50 60
+7 812 232-9704
+353 71 91 55222
+91-11-2611 5331
Tels.:  6606041-42-43
+48 68 328-20-00
+44 1244 8315831
+82 2 2173 2114 / +82 31 330 4114
+1  877-8754
+353-1-8075055
+44131 650 5753
+49 211 89 0
+57  6683600
+ 445 41 04
+38 032 276-14-82
+54  433-4081 / 82
+44  28 9038 1271
+1  478-6000
+ 519 21 00
+54  413-5000
+251 0115 53 80 20/0115 53 80 17
+643 477 3014
+84-31-3876338
+353-1 874 4840
+233 21 324566
+91-080-26615865 , 26613237
+421 35 3260 848
+974-492-7369
+ 323-6677
+7  375-45-99
+84-31 3731907. Fax +84  313733315
+41 31 631 81 11
+44-28 9020 5080
+49 40 42875 9001
+51 1 317-1000
+353-1-6799277
+61 3 5227 1100
+1  408-6279
